                                                                                            Page:    1
                                                                                                               RunDate:  2/03/25
                                                                                                               RunTime:  9:34:26
  
  TAFT AVENUE
  MALATE, MANILA CITY
  NCR PHILIPPINES 1004
  Account No.  : 0410-002882-030
  External No. : 00-0-05002-410-9                                                      Period Covered: JAN 01 2025 to JAN 31 2025
  _______________________________________________________________________________________________________________________________
  DATE          TC    REF/CHECK NO.                     DEBIT                 CREDIT                BALANCE   REF DATE      TX BR
  _______________________________________________________________________________________________________________________________
  Balance Forwarded                                                                          105,325,141.78
  02 JAN 2025   CSD                                                         8,929.60         105,334,071.38   02 JAN 2025   0410
  02 JAN 2025   CSD                                                       144,570.65         105,478,642.03   02 JAN 2025   0410
  03 JAN 2025   CSD                                                        41,490.61         105,520,132.64   03 JAN 2025   0410
  06 JAN 2025   CSD                                                        92,936.70         105,613,069.34   06 JAN 2025   0410
  06 JAN 2025   DMP                                312,623.23                                105,300,446.11   06 JAN 2025   0410
  06 JAN 2025   DMP                                 90,000.00                                105,210,446.11   06 JAN 2025   0410
  06 JAN 2025   DMP                                925,000.00                                104,285,446.11   06 JAN 2025   0410
  07 JAN 2025   CSD                                                        51,995.00         104,337,441.11   07 JAN 2025   0410
  08 JAN 2025   CSD                                                        59,880.85         104,397,321.96   08 JAN 2025   0410
  08 JAN 2025   DFS   TO#2025010024                 32,359.46                                104,364,962.50   08 JAN 2025   0410
  08 JAN 2025   DFS   TO#2025010006              3,704,041.15                                100,660,921.35   08 JAN 2025   0410
  08 JAN 2025   DFS   TO#2024110913              4,450,068.70                                 96,210,852.65   08 JAN 2025   0410
  10 JAN 2025   CSD                                                       117,102.33          96,327,954.98   10 JAN 2025   0410
  10 JAN 2025   DMP                                 63,000.00                                 96,264,954.98   10 JAN 2025   0410
  13 JAN 2025   DIC   0097162586                   130,607.15                                 96,134,347.83   13 JAN 2025   0410
  13 JAN 2025   DIC   0097162583                 1,711,521.43                                 94,422,826.40   13 JAN 2025   0410
  14 JAN 2025   DIC   0097162604                   106,189.28                                 94,316,637.12   14 JAN 2025   0410
  14 JAN 2025   DIC   0097162639                 3,086,684.04                                 91,229,953.08   14 JAN 2025   0410
  14 JAN 2025   DFS   TO#2025010047                 30,983.54                                 91,198,969.54   14 JAN 2025   0410
  14 JAN 2025   CSD                                                       161,837.63          91,360,807.17   14 JAN 2025   0410
  14 JAN 2025   DIT   000050994121               4,282,768.63                                 87,078,038.54   14 JAN 2025   0410
  15 JAN 2025   CSD                                                        56,666.30          87,134,704.84   15 JAN 2025   0410
  15 JAN 2025   DIT   000102354501                  34,037.35                                 87,100,667.49   15 JAN 2025   0410
  15 JAN 2025   DIT   000102354501                 296,800.00                                 86,803,867.49   15 JAN 2025   0410
  15 JAN 2025   DIT   000102354501                  37,762.50                                 86,766,104.99   15 JAN 2025   0410
  15 JAN 2025   DIT   000102354501                 102,025.00                                 86,664,079.99   15 JAN 2025   0410
  15 JAN 2025   DIT   0050024109                    31,468.74                                 86,632,611.25   15 JAN 2025   0410
  15 JAN 2025   DIT   000102354501                   5,042.57                                 86,627,568.68   15 JAN 2025   0410
  15 JAN 2025   DIT   000500784316                  41,456.25                                 86,586,112.43   15 JAN 2025   0410
  15 JAN 2025   DIT   005122084502                   4,732.15                                 86,581,380.28   15 JAN 2025   0410
  15 JAN 2025   DIT   005122084502                 175,032.00                                 86,406,348.28   15 JAN 2025   0410
  15 JAN 2025   DIT   000050734121                 914,534.87                                 85,491,813.41   15 JAN 2025   0410
  16 JAN 2025   DFS   TO#2025010041                 24,922.26                                 85,466,891.15   16 JAN 2025   0410
  16 JAN 2025   CSD                                                        55,852.85          85,522,744.00   16 JAN 2025   0410
  16 JAN 2025   DIC   0097162611                    28,392.85                                 85,494,351.15   16 JAN 2025   0410
  16 JAN 2025   DIC   0097162612                    32,178.57                                 85,462,172.58   16 JAN 2025   0410
  16 JAN 2025   DIC   0097162610                   255,535.72                                 85,206,636.86   16 JAN 2025   0410
                                                                                   Page:    2
                                                                                                               RunDate:  2/03/25
                                                                                                               RunTime:  9:34:26

  TAFT AVENUE
  MALATE, MANILA CITY
  NCR PHILIPPINES 1004
  Account No.  : 0410-002882-030
  External No. : 00-0-05002-410-9                                                      Period Covered: JAN 01 2025 to JAN 31 2025
  _______________________________________________________________________________________________________________________________
  DATE          TC    REF/CHECK NO.                     DEBIT                 CREDIT                BALANCE   REF DATE      TX BR
  _______________________________________________________________________________________________________________________________
  Balance Forwarded
  16 JAN 2025   DIC   0097162609                   255,535.72                                 84,951,101.14   16 JAN 2025   0410
  16 JAN 2025   DFS   TO#2025010043                 19,665.18                                 84,931,435.96   16 JAN 2025   0410
  17 JAN 2025   C02                                                     3,840,670.97          88,772,106.93   17 JAN 2025   0410
  17 JAN 2025   CSD                                                       130,165.90          88,902,272.83   17 JAN 2025   0410
  17 JAN 2025   DIC   0097162605                    27,189.00                                 88,875,083.83   17 JAN 2025   0410
  17 JAN 2025   DIC   0097162608                    30,834.65                                 88,844,249.18   17 JAN 2025   0410
  17 JAN 2025   DIC   0097162590                   249,857.15                                 88,594,392.03   17 JAN 2025   0410
  17 JAN 2025   DMP                                  7,098.60                                 88,587,293.43   17 JAN 2025   0410
  17 JAN 2025   DIC   0097162602                     1,643.40                                 88,585,650.03   17 JAN 2025   0410
  17 JAN 2025   DIC   0097162603                     7,189.07                                 88,578,460.96   17 JAN 2025   0410
  17 JAN 2025   DIC   0097162600                    12,751.24                                 88,565,709.72   17 JAN 2025   0410
  17 JAN 2025   DIC   0097162599                    14,850.00                                 88,550,859.72   17 JAN 2025   0410
  17 JAN 2025   DIC   0097162601                    25,742.85                                 88,525,116.87   17 JAN 2025   0410
  17 JAN 2025   DIC   0097162655                   128,700.00                                 88,396,416.87   17 JAN 2025   0410
  17 JAN 2025   DIC   0097162656                   130,680.00                                 88,265,736.87   17 JAN 2025   0410
  17 JAN 2025   DIC   0097162654                   311,850.00                                 87,953,886.87   17 JAN 2025   0410
  17 JAN 2025   DIC   0097162653                   540,540.00                                 87,413,346.87   17 JAN 2025   0410
  17 JAN 2025   DIC   0097162658                 1,603,800.00                                 85,809,546.87   17 JAN 2025   0410
  17 JAN 2025   DPM   TO#20250100058                15,753.80                                 85,793,793.07   17 JAN 2025   0410
  17 JAN 2025   DIT   000102354501                  18,909.65                                 85,774,883.42   17 JAN 2025   0410
  17 JAN 2025   DIT   000102354501                   7,552.50                                 85,767,330.92   17 JAN 2025   0410
  17 JAN 2025   DIT   0435021921030                 78,080.35                                 85,689,250.57   17 JAN 2025   0410
  17 JAN 2025   DIT   0435021921030                107,646.78                                 85,581,603.79   17 JAN 2025   0410
  17 JAN 2025   DIT   0435021921030                 15,616.07                                 85,565,987.72   17 JAN 2025   0410
  20 JAN 2025   DIT   0435021921030                601,900.18                                 84,964,087.54   20 JAN 2025   0410
  20 JAN 2025   DIT   0435021921030                206,288.30                                 84,757,799.24   20 JAN 2025   0410
  20 JAN 2025   DIT   0435021921030                  9,890.18                                 84,747,909.06   20 JAN 2025   0410
  20 JAN 2025   CSD                                                        91,890.89          84,839,799.95   20 JAN 2025   0410
  20 JAN 2025   DIC   0097162584                    27,760.74                                 84,812,039.21   20 JAN 2025   0410
  20 JAN 2025   DIC   0097162594                    33,125.00                                 84,778,914.21   20 JAN 2025   0410
  20 JAN 2025   DIC   0097162593                    33,125.00                                 84,745,789.21   20 JAN 2025   0410
  20 JAN 2025   DIC   0097162595                    33,125.00                                 84,712,664.21   20 JAN 2025   0410
  20 JAN 2025   DIC   0097162592                    33,125.00                                 84,679,539.21   20 JAN 2025   0410
  20 JAN 2025   DIC   0097162591                    56,785.72                                 84,622,753.49   20 JAN 2025   0410
  21 JAN 2025   CSD                                                        49,080.90          84,671,834.39   21 JAN 2025   0410
  21 JAN 2025   DIC   0097162659                    35,017.85                                 84,636,816.54   21 JAN 2025   0410
  21 JAN 2025   DIC   0097162606                    68,142.85                                 84,568,673.69   21 JAN 2025   0410
                                                                                         Page:    3
                                                                                                               RunDate:  2/03/25
                                                                                                               RunTime:  9:34:26

  TAFT AVENUE
  MALATE, MANILA CITY
  NCR PHILIPPINES 1004
  Account No.  : 0410-002882-030
  External No. : 00-0-05002-410-9                                                      Period Covered: JAN 01 2025 to JAN 31 2025
  _______________________________________________________________________________________________________________________________
  DATE          TC    REF/CHECK NO.                     DEBIT                 CREDIT                BALANCE   REF DATE      TX BR
  _______________________________________________________________________________________________________________________________
  Balance Forwarded
  21 JAN 2025   DIC   0097162597                   198,750.00                                 84,369,923.69   21 JAN 2025   0410
  21 JAN 2025   DIC   0097162607                   875,446.43                                 83,494,477.26   21 JAN 2025   0410
  21 JAN 2025   DIC   0097162652                   964,410.72                                 82,530,066.54   21 JAN 2025   0410
  21 JAN 2025   DIC   0097162582                 1,866,357.15                                 80,663,709.39   21 JAN 2025   0410
  22 JAN 2025   DIC   0096479322                     3,267.00                                 80,660,442.39   22 JAN 2025   0410
  22 JAN 2025   DIC   0096479280                    14,577.75                                 80,645,864.64   22 JAN 2025   0410
  22 JAN 2025   DIC   0097162585                    21,294.65                                 80,624,569.99   22 JAN 2025   0410
  22 JAN 2025   DIC   0096479279                    24,275.89                                 80,600,294.10   22 JAN 2025   0410
  22 JAN 2025   DIC   0096479360                   259,380.00                                 80,340,914.10   22 JAN 2025   0410
  22 JAN 2025   DIC   0097162679                   375,611.95                                 79,965,302.15   22 JAN 2025   0410
  22 JAN 2025   DIC   0097162676                   449,589.74                                 79,515,712.41   22 JAN 2025   0410
  22 JAN 2025   CSD                                                        72,112.56          79,587,824.97   22 JAN 2025   0410
  22 JAN 2025   DMP                                176,564.13                                 79,411,260.84   22 JAN 2025   0410
  22 JAN 2025   DMP                                178,573.11                                 79,232,687.73   22 JAN 2025   0410
  22 JAN 2025   DIC   0097162684                    14,912.87                                 79,217,774.86   22 JAN 2025   0410
  22 JAN 2025   DIC   0097162660                    14,912.87                                 79,202,861.99   22 JAN 2025   0410
  22 JAN 2025   DRC   0097162596                    33,125.00                                 79,169,736.99   22 JAN 2025   0410
  22 JAN 2025   DIT   0435021921030                 18,322.85                                 79,151,414.14   22 JAN 2025   0410
  22 JAN 2025   DIT   0435021921030                 15,843.22                                 79,135,570.92   22 JAN 2025   0410
  22 JAN 2025   DIT   0435021921030                 23,111.78                                 79,112,459.14   22 JAN 2025   0410
  23 JAN 2025   CSD                                                        43,338.05          79,155,797.19   23 JAN 2025   0410
  23 JAN 2025   DIC   0097162631                     6,625.00                                 79,149,172.19   23 JAN 2025   0410
  23 JAN 2025   DIC   0097162630                     6,625.00                                 79,142,547.19   23 JAN 2025   0410
  23 JAN 2025   DIC   0097162624                    11,215.18                                 79,131,332.01   23 JAN 2025   0410
  23 JAN 2025   DIC   0097162625                    11,962.85                                 79,119,369.16   23 JAN 2025   0410
  23 JAN 2025   DIC   0097162623                    21,682.68                                 79,097,686.48   23 JAN 2025   0410
  23 JAN 2025   DIC   0097162640                    28,392.85                                 79,069,293.63   23 JAN 2025   0410
  23 JAN 2025   DIC   0097162626                    40,346.24                                 79,028,947.39   23 JAN 2025   0410
  23 JAN 2025   DIC   0097162636                    66,250.00                                 78,962,697.39   23 JAN 2025   0410
  23 JAN 2025   DIC   0097162649                    21,065.22                                 78,941,632.17   23 JAN 2025   0410
  23 JAN 2025   DIC   0097162650                    21,065.22                                 78,920,566.95   23 JAN 2025   0410
  23 JAN 2025   DIC   0097162648                    34,695.65                                 78,885,871.30   23 JAN 2025   0410
  23 JAN 2025   DIC   0097162646                    47,471.44                                 78,838,399.86   23 JAN 2025   0410
  23 JAN 2025   DIC   0097162647                    50,457.33                                 78,787,942.53   23 JAN 2025   0410
  24 JAN 2025   CTS   TO#2025010049                                     8,934,939.16          87,722,881.69   24 JAN 2025   0410
  24 JAN 2025   CTS   TO#2025010060                                     1,775,537.74          89,498,419.43   24 JAN 2025   0410
  24 JAN 2025   CSD                                                        74,027.60          89,572,447.03   24 JAN 2025   0410
                                                                                      Page:    4
                                                                                                               RunDate:  2/03/25
                                                                                                               RunTime:  9:34:26

  TAFT AVENUE
  MALATE, MANILA CITY
  NCR PHILIPPINES 1004
  Account No.  : 0410-002882-030
  External No. : 00-0-05002-410-9                                                      Period Covered: JAN 01 2025 to JAN 31 2025
  _______________________________________________________________________________________________________________________________
  DATE          TC    REF/CHECK NO.                     DEBIT                 CREDIT                BALANCE   REF DATE      TX BR
  _______________________________________________________________________________________________________________________________
  Balance Forwarded
  24 JAN 2025   DIC   0097162678                     8,943.74                                 89,563,503.29   24 JAN 2025   0410
  24 JAN 2025   DIC   0097162587                    14,196.43                                 89,549,306.86   24 JAN 2025   0410
  24 JAN 2025   DIC   0097162589                    14,196.43                                 89,535,110.43   24 JAN 2025   0410
  24 JAN 2025   DIC   0097162665                    14,196.43                                 89,520,914.00   24 JAN 2025   0410
  24 JAN 2025   DIC   0097162664                    14,196.43                                 89,506,717.57   24 JAN 2025   0410
  24 JAN 2025   DIC   0097162663                    14,196.43                                 89,492,521.14   24 JAN 2025   0410
  24 JAN 2025   DIC   0097162588                    14,196.43                                 89,478,324.71   24 JAN 2025   0410
  24 JAN 2025   DIC   0097162662                    14,196.43                                 89,464,128.28   24 JAN 2025   0410
  24 JAN 2025   DIC   0097162670                    33,125.00                                 89,431,003.28   24 JAN 2025   0410
  24 JAN 2025   DIC   0097162668                    33,125.00                                 89,397,878.28   24 JAN 2025   0410
  24 JAN 2025   DIC   0097162666                    33,125.00                                 89,364,753.28   24 JAN 2025   0410
  24 JAN 2025   DIC   0097162669                    33,125.00                                 89,331,628.28   24 JAN 2025   0410
  24 JAN 2025   DIC   0097162667                    33,125.00                                 89,298,503.28   24 JAN 2025   0410
  24 JAN 2025   DIC   0097162671                    33,125.00                                 89,265,378.28   24 JAN 2025   0410
  24 JAN 2025   DIC   0097162681                    37,857.15                                 89,227,521.13   24 JAN 2025   0410
  24 JAN 2025   DIC   0097162672                    56,785.72                                 89,170,735.41   24 JAN 2025   0410
  24 JAN 2025   DIC   0097162673                    56,785.72                                 89,113,949.69   24 JAN 2025   0410
  24 JAN 2025   DIC   0097162674                    56,785.72                                 89,057,163.97   24 JAN 2025   0410
  24 JAN 2025   DIC   0097162598                   359,073.00                                 88,698,090.97   24 JAN 2025   0410
  24 JAN 2025   DIC   0097162675                 1,168,120.00                                 87,529,970.97   24 JAN 2025   0410
  24 JAN 2025   DIC   0097162705                     9,319.48                                 87,520,651.49   24 JAN 2025   0410
  24 JAN 2025   DIC   0097162702                    16,089.28                                 87,504,562.21   24 JAN 2025   0410
  24 JAN 2025   DIC   0097162701                    20,499.65                                 87,484,062.56   24 JAN 2025   0410
  24 JAN 2025   DIC   0097162700                    20,499.65                                 87,463,562.91   24 JAN 2025   0410
  24 JAN 2025   DIC   0097162704                    28,392.85                                 87,435,170.06   24 JAN 2025   0410
  24 JAN 2025   DIC   0097162698                    30,749.46                                 87,404,420.60   24 JAN 2025   0410
  24 JAN 2025   DIC   0097162695                    42,589.28                                 87,361,831.32   24 JAN 2025   0410
  24 JAN 2025   DIC   0097162697                    42,589.28                                 87,319,242.04   24 JAN 2025   0410
  24 JAN 2025   DIC   0097162696                    42,589.28                                 87,276,652.76   24 JAN 2025   0410
  24 JAN 2025   DIC   0097162703                   102,214.28                                 87,174,438.48   24 JAN 2025   0410
  24 JAN 2025   DIC   0097162699                   174,900.00                                 86,999,538.48   24 JAN 2025   0410
  24 JAN 2025   DIC   0097162680                   274,967.26                                 86,724,571.22   24 JAN 2025   0410
  27 JAN 2025   DIC   0097162634                     1,495.35                                 86,723,075.87   27 JAN 2025   0410
  27 JAN 2025   DIC   0097162632                     1,495.35                                 86,721,580.52   27 JAN 2025   0410
  27 JAN 2025   DIC   0097162635                     1,495.35                                 86,720,085.17   27 JAN 2025   0410
  27 JAN 2025   DIC   0097162637                     2,650.00                                 86,717,435.17   27 JAN 2025   0410
  27 JAN 2025   DIC   0097162628                     2,650.00                                 86,714,785.17   27 JAN 2025   0410
                                                                                  Page:    5
                                                                                                               RunDate:  2/03/25
                                                                                                               RunTime:  9:34:26

  TAFT AVENUE
  MALATE, MANILA CITY
  NCR PHILIPPINES 1004
  Account No.  : 0410-002882-030
  External No. : 00-0-05002-410-9                                                      Period Covered: JAN 01 2025 to JAN 31 2025
  _______________________________________________________________________________________________________________________________
  DATE          TC    REF/CHECK NO.                     DEBIT                 CREDIT                BALANCE   REF DATE      TX BR
  _______________________________________________________________________________________________________________________________
  Balance Forwarded
  27 JAN 2025   DIC   0097162627                     2,650.00                                 86,712,135.17   27 JAN 2025   0410
  27 JAN 2025   DIC   0097162638                     2,650.00                                 86,709,485.17   27 JAN 2025   0410
  27 JAN 2025   DIC   0097162629                     3,975.00                                 86,705,510.17   27 JAN 2025   0410
  27 JAN 2025   DIC   0097162633                     5,233.74                                 86,700,276.43   27 JAN 2025   0410
  27 JAN 2025   DIC   0097162682                     9,180.35                                 86,691,096.08   27 JAN 2025   0410
  27 JAN 2025   DIC   0097162683                   196,857.15                                 86,494,238.93   27 JAN 2025   0410
  27 JAN 2025   CSD                                                        91,147.40          86,585,386.33   27 JAN 2025   0410
  27 JAN 2025   DIC   0097162687                     8,091.96                                 86,577,294.37   27 JAN 2025   0410
  27 JAN 2025   DIC   0097162688                     8,229.20                                 86,569,065.17   27 JAN 2025   0410
  27 JAN 2025   DIC   0097162689                     8,754.46                                 86,560,310.71   27 JAN 2025   0410
  27 JAN 2025   DIC   0097162694                    22,333.82                                 86,537,976.89   27 JAN 2025   0410
  28 JAN 2025   CSD                                                        36,523.62          86,574,500.51   28 JAN 2025   0410
  28 JAN 2025   CTS   TO#2025010068                                       103,901.40          86,678,401.91   28 JAN 2025   0410
  28 JAN 2025   DIC   0097162641                     9,937.50                                 86,668,464.41   28 JAN 2025   0410
  28 JAN 2025   DIC   0097162643                    35,775.00                                 86,632,689.41   28 JAN 2025   0410
  28 JAN 2025   DIC   0097162693                    36,910.72                                 86,595,778.69   28 JAN 2025   0410
  28 JAN 2025   DIC   0097162692                    95,258.04                                 86,500,520.65   28 JAN 2025   0410
  28 JAN 2025   DIC   0097162690                   297,897.85                                 86,202,622.80   28 JAN 2025   0410
  28 JAN 2025   DIC   0097162691                   423,507.85                                 85,779,114.95   28 JAN 2025   0410
  28 JAN 2025   DIC   0097162644                   795,000.00                                 84,984,114.95   28 JAN 2025   0410
  28 JAN 2025   DIC   0097162645                   993,750.00                                 83,990,364.95   28 JAN 2025   0410
  28 JAN 2025   DIC   0097162642                 9,464,285.72                                 74,526,079.23   28 JAN 2025   0410
  30 JAN 2025   CSD                                                        85,505.75          74,611,584.98   30 JAN 2025   0410
  30 JAN 2025   DIC   0097162718                    16,089.28                                 74,595,495.70   30 JAN 2025   0410
  30 JAN 2025   DIC   0097162719                    32,178.57                                 74,563,317.13   30 JAN 2025   0410
  30 JAN 2025   DIC   0097162720                    32,178.57                                 74,531,138.56   30 JAN 2025   0410
  30 JAN 2025   DIC   0097162661                    34,781.24                                 74,496,357.32   30 JAN 2025   0410
  30 JAN 2025   DIC   0097162747                    42,589.28                                 74,453,768.04   30 JAN 2025   0410
  30 JAN 2025   DIC   0097162721                    48,267.85                                 74,405,500.19   30 JAN 2025   0410
  30 JAN 2025   DIC   0097162685                   227,142.85                                 74,178,357.34   30 JAN 2025   0410
  30 JAN 2025   DIC   0097162686                   232,821.43                                 73,945,535.91   30 JAN 2025   0410
  30 JAN 2025   DIC   0097162615                     6,625.00                                 73,938,910.91   30 JAN 2025   0410
  30 JAN 2025   DIC   0097162709                     6,625.00                                 73,932,285.91   30 JAN 2025   0410
  30 JAN 2025   DIC   0097162707                     6,625.00                                 73,925,660.91   30 JAN 2025   0410
  30 JAN 2025   DIC   0097162617                     6,625.00                                 73,919,035.91   30 JAN 2025   0410
  30 JAN 2025   DIC   0097162706                     6,625.00                                 73,912,410.91   30 JAN 2025   0410
  30 JAN 2025   DIC   0097162708                     6,625.00                                 73,905,785.91   30 JAN 2025   0410
                                                                                       Page:    6
                                                                                                               RunDate:  2/03/25
                                                                                                               RunTime:  9:34:26

  TAFT AVENUE
  MALATE, MANILA CITY
  NCR PHILIPPINES 1004
  Account No.  : 0410-002882-030
  External No. : 00-0-05002-410-9                                                      Period Covered: JAN 01 2025 to JAN 31 2025
  _______________________________________________________________________________________________________________________________
  DATE          TC    REF/CHECK NO.                     DEBIT                 CREDIT                BALANCE   REF DATE      TX BR
  _______________________________________________________________________________________________________________________________
  Balance Forwarded
  30 JAN 2025   DIC   0097162616                     6,625.00                                 73,899,160.91   30 JAN 2025   0410
  30 JAN 2025   DIC   0097162613                     6,625.00                                 73,892,535.91   30 JAN 2025   0410
  30 JAN 2025   DIC   0097162614                     6,625.00                                 73,885,910.91   30 JAN 2025   0410
  30 JAN 2025   DIC   0097162717                    37,857.15                                 73,848,053.76   30 JAN 2025   0410
  30 JAN 2025   DIC   0097162716                    37,857.15                                 73,810,196.61   30 JAN 2025   0410
  30 JAN 2025   DIC   0097162619                    37,857.15                                 73,772,339.46   30 JAN 2025   0410
  30 JAN 2025   DIC   0097162711                    37,857.15                                 73,734,482.31   30 JAN 2025   0410
  30 JAN 2025   DIC   0097162714                    37,857.15                                 73,696,625.16   30 JAN 2025   0410
  30 JAN 2025   DIC   0097162713                    37,857.15                                 73,658,768.01   30 JAN 2025   0410
  30 JAN 2025   DIC   0097162620                    37,857.15                                 73,620,910.86   30 JAN 2025   0410
  30 JAN 2025   DIC   0097162712                    37,857.15                                 73,583,053.71   30 JAN 2025   0410
  30 JAN 2025   DIC   0097162715                    37,857.15                                 73,545,196.56   30 JAN 2025   0410
  30 JAN 2025   DIC   0097162710                    37,857.15                                 73,507,339.41   30 JAN 2025   0410
  30 JAN 2025   DIC   0097162621                    37,857.15                                 73,469,482.26   30 JAN 2025   0410
  30 JAN 2025   DIC   0097162618                    37,857.15                                 73,431,625.11   30 JAN 2025   0410
  30 JAN 2025   DIC   0097162622                    75,714.28                                 73,355,910.83   30 JAN 2025   0410
  31 JAN 2025   CSD                                                        61,512.61          73,417,423.44   31 JAN 2025   0410
  31 JAN 2025   DMP                                 85,818.78                                 73,331,604.66   31 JAN 2025   0410
                                         --------------------   --------------------
  TOTAL:                                        48,175,154.19          16,181,617.07
                                         ====================   ====================
